[Config]
MouseSensitive=5.000000
GridScale=1.000000
MouseMoveSpeed=20.000000
